10 2
10 3
10 3
10 2
10 3
10 4
10 4
10 2
10 2
10 2
10 3
10 3
10 3
10 2
10 3
50 4
50 4
50 4
50 4
50 4
50 4
50 3
50 3
50 4
50 4
50 3
50 4
50 4
50 3
50 4
100 4
100 4
100 4
100 4
100 4
100 4
100 4
100 4
100 4
100 3
100 4
100 4
100 4
100 4
100 4
500 4
500 5
500 4
500 4
500 4
500 4
500 4
500 5
500 4
500 4
500 4
500 4
500 4
500 4
500 4
1000 4
1000 5
1000 4
1000 5
1000 4
1000 4
1000 4
1000 4
1000 4
1000 4
1000 4
1000 4
1000 4
1000 4
1000 4
5000 4
5000 5
5000 4
5000 5
5000 5
5000 5
5000 5
5000 5
5000 5
5000 5
5000 5
5000 5
5000 5
5000 5
5000 5
10000 5
10000 5
10000 5
10000 5
10000 5
10000 5
10000 5
10000 5
10000 5
10000 5
10000 5
10000 5
10000 5
10000 5
10000 5
50000 5
50000 5
50000 5
50000 5
50000 5
50000 5
50000 5
50000 5
50000 5
50000 5
50000 5
50000 5
50000 5
50000 5
50000 5
100000 5
100000 5
100000 5
100000 5
100000 5
100000 5
100000 5
100000 5
100000 5
100000 5
100000 5
100000 5
100000 5
100000 5
100000 5
