10 0.43902439024390244
10 0.5428571428571428
10 0.42857142857142855
10 0.3333333333333333
10 0.525
10 0.2830188679245283
10 0.44776119402985076
10 0.3582089552238806
10 0.28125
10 0.43820224719101125
10 0.5393258426966292
10 0.24324324324324326
10 0.2608695652173913
10 0.6
10 0.59375
50 0.14444444444444443
50 0.16987179487179488
50 0.14166666666666666
50 0.16383881230116648
50 0.1420265780730897
50 0.17341977309562398
50 0.17016449234259784
50 0.15187239944521497
50 0.14485654303708886
50 0.17813765182186234
50 0.16441136671177267
50 0.12526539278131635
50 0.1557377049180328
50 0.1545538178472861
50 0.12238493723849372
100 0.08972691807542263
100 0.09242785853764374
100 0.0904639175257732
100 0.09202453987730061
100 0.08944543828264759
100 0.10347254809948381
100 0.0776828617191671
100 0.0943526170798898
100 0.09612470231651872
100 0.10881801125703565
100 0.10518834399431415
100 0.09987760097919217
100 0.08806117414898865
100 0.08484997540580423
100 0.07985386221294363
500 0.026215713245408206
500 0.025600127601882128
500 0.023858569528825844
500 0.0254199714271639
500 0.02458388644950475
500 0.025728192845553582
500 0.02533346858041284
500 0.023057748234316576
500 0.02573166294120705
500 0.024258972406731603
500 0.023972602739726026
500 0.02446183953033268
500 0.021186124580380456
500 0.024072052401746726
500 0.0257704643703807
1000 0.013666102765831686
1000 0.013838941690213203
1000 0.014309194624383641
1000 0.013443702607171988
1000 0.01441947565543071
1000 0.012757436455047531
1000 0.013753874860805971
1000 0.013891385015487732
1000 0.013652484124410223
1000 0.014519251451925145
1000 0.014741069902580756
1000 0.012459636301835487
1000 0.01335376287564448
1000 0.014180380539551498
1000 0.01431279418968712
5000 0.003351449896166736
5000 0.003196647512479591
5000 0.00331650296928026
5000 0.003377595007082054
5000 0.003217462094795658
5000 0.003560728810028757
5000 0.0033865492145202804
5000 0.0036790167389786897
5000 0.0033651241812899095
5000 0.003422603150602756
5000 0.0033449818473546087
5000 0.003294295949297327
5000 0.00328043827205493
5000 0.0033553492300856104
5000 0.003337742449902958
10000 0.0018687265447902815
10000 0.0018308383499369594
10000 0.001790093037339619
10000 0.0018334467574409423
10000 0.0017558018250614174
10000 0.0019251979994350408
10000 0.0018261709804292389
10000 0.001832172957127153
10000 0.0018689105403011514
10000 0.0017981376431553035
10000 0.0018507995207625576
10000 0.0017843660445429322
10000 0.0017816384554154756
10000 0.0018931452219314682
10000 0.0018700096323137664
50000 0.0004212201163679181
50000 0.00044304489734424163
50000 0.00041496398279568865
50000 0.00042928784917806644
50000 0.000435149237046845
50000 0.00043500038193905076
50000 0.00043324076030102287
50000 0.00043537938554294144
50000 0.00043376848333567624
50000 0.000429170563693484
50000 0.0004297958135314134
50000 0.000431893056221702
50000 0.00042845194933649884
50000 0.00043858917915855
50000 0.00042048055873887644
100000 0.00023293170329385783
100000 0.00022846236579672068
100000 0.00023045853161527172
100000 0.00022823190622513545
100000 0.00022280905841095703
100000 0.00023198674888665267
100000 0.0002298770184244552
100000 0.00022707769300529048
100000 0.00024300279265937103
100000 0.00023207276651996843
100000 0.00022642213478637978
100000 0.00023537524568282382
100000 0.00023034397166154746
100000 0.00022780097407621146
100000 0.00023019760077671255
